Package,Item
84000001,00001660
84000002,00001611
84000003,00001641
84000004,00001623
84000005,00001605
84000006,00001718
84000007,00001697
84000008,00001658
84000009,10002029
84000010,00001715
84000011,00001179
84000012,00001661
84000013,00001722
84000014,00001738
84000015,00001643
84000016,00001606
84000017,10002014
84000018,00001640
84000019,10002006
84000020,10002002
84000021,10002023
84000022,10002030
84000023,00001634
84000024,00001663
84000025,00001681
84000026,00001630
84000027,10002011
84000028,10002012
84000029,00001638
84000030,00001636
84000031,00001746
84000032,00001664
84000033,00001704
84000034,10002008
84000035,00001705
84000036,00001724
84000037,00001721
84000038,10002024
84000039,00001717
84000040,00001693
84000041,00001723
84000042,00001631
84000043,00001650
84000044,00001633
84000045,10002018
84000046,00001743
84000047,00001671
84000048,00001642
84000049,00001744
84000050,00001702
84000051,10002020
84000052,00001735
84000053,00001696
84000054,00001673
84000055,00001675
84000056,00001692
84000057,00001676
84000058,00001677
84000059,00001733
84000060,00001619
84000061,00001614
84000062,00001617
84000063,00001655
84000064,00001656
84000065,00001657
84000066,00001604
84000067,00001645
84000068,00001716
84000069,00001731
84000070,00001653
84000071,10002017
84000072,00001608
84000073,00001670
84000074,00001632
84000075,10002015
84000076,00001648
84000077,00001627
84000078,10002010
84000079,00001736
84000080,00001719
84000081,00001607
84000082,00001625
84000083,00001651
84000084,00001703
